# unix_time, cycles_done, cur_path, paths_total, pending_total, pending_favs, map_size, unique_crashes, unique_hangs, max_depth, execs_per_sec
1591599446, 0, 0, 3, 3, 3, 0.08%, 0, 0, 1, 923.08
1591599451, 0, 0, 14, 14, 3, 0.09%, 0, 0, 2, 3107.89
1591599456, 0, 1, 21, 20, 5, 0.09%, 0, 0, 2, 3463.22
1591599461, 0, 1, 22, 21, 5, 0.09%, 0, 0, 2, 3182.47
1591599466, 0, 1, 42, 41, 5, 0.10%, 0, 0, 2, 3352.92
1591599471, 0, 2, 44, 42, 8, 0.10%, 0, 0, 2, 3495.28
1591599476, 0, 2, 51, 49, 8, 0.10%, 0, 0, 2, 3279.51
1591599481, 0, 2, 52, 50, 8, 0.10%, 0, 0, 2, 3188.77
1591599522, 0, 2, 65, 63, 8, 0.10%, 0, 0, 2, 3307.15
1591599527, 0, 18, 67, 63, 8, 0.10%, 0, 0, 2, 3425.32
1591599532, 0, 19, 67, 62, 6, 0.10%, 0, 0, 2, 3541.81
1591599542, 0, 19, 68, 63, 6, 0.10%, 0, 0, 3, 3522.77
1591599547, 0, 23, 68, 62, 6, 0.10%, 0, 0, 3, 3530.54
1591599557, 0, 24, 69, 62, 5, 0.10%, 0, 0, 3, 3585.17
1591599562, 0, 29, 69, 61, 5, 0.10%, 0, 0, 3, 3602.67
1591599567, 0, 41, 69, 60, 4, 0.10%, 0, 0, 3, 3577.12
1591599573, 0, 51, 69, 59, 3, 0.10%, 0, 0, 3, 3396.70
1591599583, 0, 51, 70, 60, 3, 0.10%, 0, 0, 3, 3332.71
1591599613, 0, 53, 70, 59, 2, 0.10%, 0, 0, 3, 3311.49
1591599644, 0, 65, 70, 58, 1, 0.10%, 0, 0, 3, 3344.61
1591599669, 0, 67, 72, 59, 3, 0.10%, 0, 0, 3, 3442.22
1591599679, 0, 70, 73, 59, 2, 0.10%, 0, 0, 4, 3448.44
1591599700, 1, 10, 73, 57, 0, 0.10%, 0, 0, 4, 3527.98
1591599705, 1, 14, 74, 56, 0, 0.10%, 0, 0, 4, 3557.69
1591599715, 1, 21, 74, 55, 0, 0.10%, 0, 0, 4, 3454.40
1591599725, 1, 22, 74, 54, 0, 0.10%, 0, 0, 4, 3535.37
1591599735, 1, 42, 74, 52, 0, 0.10%, 0, 0, 4, 3563.10
1591599745, 1, 48, 75, 52, 1, 0.10%, 0, 0, 4, 3392.70
1591599781, 1, 57, 75, 51, 1, 0.10%, 0, 0, 4, 3337.51
1591599817, 1, 74, 76, 51, 1, 0.10%, 0, 0, 4, 3539.98
1591599822, 1, 75, 76, 50, 1, 0.10%, 0, 0, 4, 3583.17
1591599827, 2, 17, 76, 47, 0, 0.10%, 0, 0, 4, 3124.01
1591599837, 2, 32, 76, 46, 0, 0.10%, 0, 0, 4, 3542.41
1591599842, 2, 40, 76, 44, 0, 0.10%, 0, 0, 4, 3686.82
1591599852, 2, 43, 77, 44, 1, 0.10%, 0, 0, 4, 3681.33
1591599857, 2, 77, 78, 43, 0, 0.10%, 0, 0, 4, 3706.31
1591599863, 2, 77, 79, 44, 0, 0.10%, 0, 0, 5, 3742.45
1591599868, 2, 78, 79, 43, 0, 0.10%, 0, 0, 5, 3731.75
1591599873, 3, 16, 79, 42, 0, 0.10%, 0, 0, 5, 3680.22
1591599883, 3, 31, 79, 40, 0, 0.10%, 0, 0, 5, 3706.24
1591599888, 3, 38, 79, 39, 0, 0.10%, 0, 0, 5, 3708.60
1591599893, 3, 44, 79, 38, 0, 0.10%, 0, 0, 5, 3496.16
1591599934, 3, 46, 79, 37, 0, 0.10%, 0, 0, 5, 3426.03
1591599970, 3, 61, 79, 36, 0, 0.10%, 0, 0, 5, 3543.17
1591599980, 3, 62, 79, 35, 0, 0.10%, 0, 0, 5, 3550.97
1591600006, 3, 63, 79, 34, 0, 0.10%, 0, 0, 5, 3411.51
1591600036, 3, 69, 79, 33, 0, 0.10%, 0, 0, 5, 3420.02
1591600052, 3, 69, 80, 34, 0, 0.10%, 0, 0, 5, 3441.93
1591600077, 3, 69, 96, 50, 0, 0.10%, 5, 0, 5, 3455.97
1591600082, 3, 69, 100, 54, 0, 0.10%, 5, 0, 5, 3464.95
1591600088, 3, 79, 100, 53, 1, 0.10%, 5, 0, 5, 3432.49
1591600128, 3, 81, 100, 52, 0, 0.10%, 5, 0, 5, 3251.19
1591600179, 3, 81, 103, 55, 0, 0.10%, 6, 0, 5, 3191.47
1591600189, 3, 82, 103, 54, 0, 0.10%, 6, 0, 5, 3153.25
1591600271, 3, 82, 104, 55, 0, 0.10%, 6, 0, 5, 3167.45
1591600276, 3, 83, 104, 54, 0, 0.10%, 6, 0, 5, 3045.60
1591600357, 3, 83, 106, 56, 0, 0.10%, 6, 0, 5, 3101.80
1591600362, 3, 84, 106, 55, 0, 0.10%, 6, 0, 5, 3166.59
1591600393, 3, 84, 107, 56, 0, 0.10%, 6, 0, 5, 3215.02
1591600398, 3, 88, 107, 55, 0, 0.10%, 6, 0, 5, 3096.13
1591600474, 3, 88, 108, 56, 0, 0.10%, 6, 0, 5, 3151.49
1591600480, 3, 94, 108, 55, 0, 0.10%, 6, 0, 5, 3081.17
1591600582, 3, 94, 110, 57, 0, 0.10%, 6, 0, 5, 3159.43
1591600587, 4, 25, 110, 55, 0, 0.10%, 6, 0, 5, 3531.37
1591600592, 4, 28, 110, 54, 0, 0.10%, 6, 0, 5, 3621.58
1591600602, 4, 35, 110, 53, 0, 0.10%, 6, 0, 5, 3654.07
1591600607, 4, 37, 110, 51, 0, 0.10%, 6, 0, 5, 3715.08
1591600613, 4, 45, 110, 50, 0, 0.10%, 6, 0, 5, 3542.12
1591600653, 4, 50, 110, 49, 0, 0.10%, 6, 0, 5, 3422.42
1591600694, 4, 55, 110, 48, 0, 0.10%, 6, 0, 5, 3459.22
1591600720, 4, 71, 110, 47, 0, 0.10%, 6, 0, 5, 3462.36
1591600735, 5, 39, 110, 46, 1, 0.10%, 6, 0, 5, 3575.28
1591600740, 5, 45, 110, 45, 0, 0.10%, 6, 0, 5, 3605.32
1591600745, 5, 49, 110, 45, 0, 0.10%, 6, 0, 5, 3453.65
1591600781, 5, 54, 111, 45, 0, 0.10%, 6, 0, 5, 3452.94
1591600802, 5, 56, 111, 44, 0, 0.10%, 6, 0, 5, 3475.43
1591600827, 5, 68, 113, 45, 0, 0.10%, 6, 0, 5, 3473.83
1591600838, 5, 68, 114, 46, 0, 0.10%, 6, 0, 5, 3624.58
1591600843, 5, 73, 118, 49, 0, 0.10%, 6, 0, 5, 3690.54
1591600848, 5, 85, 120, 50, 0, 0.10%, 6, 0, 5, 3387.16
1591600899, 5, 92, 121, 50, 0, 0.10%, 6, 0, 5, 3234.01
1591601012, 5, 99, 121, 49, 0, 0.10%, 6, 0, 5, 2867.57
1591601213, 5, 103, 121, 48, 0, 0.10%, 6, 0, 5, 2768.29
1591601402, 5, 109, 121, 47, 0, 0.10%, 6, 0, 5, 2538.87
1591602051, 5, 110, 123, 48, 0, 0.10%, 6, 0, 6, 1614.04
1591602532, 5, 111, 123, 47, 0, 0.10%, 6, 0, 6, 1962.51
1591602557, 5, 113, 124, 47, 0, 0.10%, 6, 0, 6, 2659.76
1591602573, 5, 113, 125, 48, 0, 0.10%, 6, 0, 6, 2646.09
1591602583, 5, 122, 126, 48, 0, 0.10%, 6, 0, 6, 317.50
