# unix_time, cycles_done, cur_path, paths_total, pending_total, pending_favs, map_size, unique_crashes, unique_hangs, max_depth, execs_per_sec
1591527211, 0, 0, 2, 2, 2, 0.06%, 0, 0, 1, 2666.67
1591527217, 0, 0, 14, 14, 2, 0.07%, 0, 0, 2, 3352.38
1591527222, 0, 1, 17, 16, 4, 0.08%, 0, 0, 2, 3501.52
1591527227, 0, 1, 24, 23, 4, 0.08%, 0, 0, 2, 3477.62
1591527232, 0, 15, 26, 21, 5, 0.08%, 0, 0, 2, 3483.52
1591527237, 0, 17, 30, 23, 5, 0.09%, 0, 0, 3, 3502.83
1591527242, 0, 22, 31, 22, 4, 0.09%, 0, 0, 3, 3460.06
1591527247, 0, 27, 33, 22, 3, 0.09%, 0, 0, 3, 3493.21
1591527252, 0, 32, 34, 21, 1, 0.09%, 0, 0, 4, 3521.49
1591527257, 1, 20, 35, 19, 0, 0.09%, 0, 0, 4, 3239.20
1591527262, 1, 25, 38, 21, 0, 0.09%, 0, 0, 4, 2777.99
1591527267, 1, 35, 38, 19, 0, 0.09%, 0, 0, 4, 2805.24
1591527272, 1, 35, 40, 21, 0, 0.09%, 0, 0, 4, 2758.81
1591527277, 2, 30, 40, 17, 0, 0.09%, 0, 0, 4, 3119.79
1591527282, 2, 37, 40, 16, 0, 0.09%, 0, 0, 4, 3221.95
1591527288, 2, 38, 40, 15, 0, 0.09%, 0, 0, 4, 3253.75
1591527293, 2, 38, 44, 19, 0, 0.09%, 0, 0, 5, 3253.20
1591527298, 2, 40, 48, 22, 4, 0.09%, 0, 0, 6, 3392.52
1591527303, 2, 40, 49, 23, 4, 0.09%, 0, 0, 6, 3376.98
1591527308, 2, 44, 50, 23, 4, 0.10%, 0, 0, 6, 3293.78
1591527313, 2, 45, 50, 22, 4, 0.10%, 0, 0, 6, 3319.20
1591527318, 2, 46, 51, 22, 3, 0.10%, 0, 0, 6, 3373.93
1591527323, 2, 47, 52, 22, 3, 0.10%, 0, 0, 6, 3394.71
1591527328, 2, 47, 53, 23, 3, 0.10%, 0, 0, 7, 3382.51
1591527333, 2, 49, 53, 22, 2, 0.10%, 0, 0, 7, 3439.26
1591527338, 2, 50, 53, 21, 1, 0.10%, 0, 0, 7, 3438.57
1591527343, 2, 52, 53, 20, 0, 0.10%, 0, 0, 7, 3431.13
1591527348, 2, 52, 54, 21, 0, 0.10%, 0, 0, 8, 3431.36
1591527354, 3, 33, 55, 18, 0, 0.10%, 0, 0, 8, 3543.43
1591527359, 3, 43, 55, 17, 0, 0.10%, 0, 0, 8, 3393.95
1591527364, 3, 45, 55, 16, 0, 0.10%, 0, 0, 8, 3402.59
1591527369, 3, 48, 55, 16, 0, 0.10%, 0, 0, 8, 3433.15
1591527374, 3, 50, 56, 16, 0, 0.10%, 0, 0, 8, 3458.42
1591527379, 3, 53, 56, 16, 0, 0.10%, 0, 0, 8, 3399.37
1591527384, 4, 3, 56, 15, 0, 0.10%, 0, 0, 8, 3450.26
1591527389, 4, 34, 56, 12, 0, 0.10%, 0, 0, 8, 3441.11
1591527394, 5, 23, 57, 12, 0, 0.10%, 0, 0, 8, 3448.49
1591527399, 5, 47, 57, 11, 0, 0.10%, 0, 0, 8, 3458.95
1591527404, 5, 54, 59, 13, 0, 0.10%, 0, 0, 8, 3542.59
1591527410, 5, 55, 59, 12, 0, 0.10%, 0, 0, 8, 3434.34
1591527415, 5, 55, 60, 13, 0, 0.10%, 0, 3, 8, 3380.46
1591527420, 6, 8, 60, 12, 0, 0.10%, 0, 3, 8, 3469.09
1591527425, 6, 41, 60, 10, 0, 0.10%, 0, 3, 8, 3497.49
1591527435, 6, 41, 61, 11, 0, 0.10%, 0, 3, 8, 3370.77
1591527440, 6, 51, 61, 10, 0, 0.10%, 0, 3, 8, 3421.27
1591527450, 6, 57, 61, 9, 0, 0.10%, 0, 3, 8, 3393.28
1591527461, 6, 60, 61, 8, 0, 0.10%, 0, 3, 8, 3390.08
1591527471, 6, 60, 62, 9, 0, 0.10%, 0, 3, 8, 3304.31
1591527481, 7, 42, 62, 8, 0, 0.10%, 0, 3, 8, 3361.13
1591527486, 7, 46, 62, 7, 0, 0.10%, 0, 3, 8, 3364.21
1591527491, 7, 56, 62, 7, 0, 0.10%, 0, 3, 8, 3423.72
1591527496, 7, 58, 62, 6, 0, 0.10%, 0, 3, 8, 3477.95
1591527501, 7, 58, 63, 7, 0, 0.10%, 0, 3, 8, 3541.58
1591527506, 8, 40, 64, 7, 0, 0.10%, 0, 3, 8, 3472.08
1591527511, 8, 59, 64, 7, 0, 0.10%, 0, 3, 8, 3419.08
1591527527, 8, 61, 64, 6, 0, 0.10%, 0, 3, 8, 3358.35
1591527542, 8, 61, 65, 7, 0, 0.10%, 0, 3, 8, 3278.37
1591527547, 8, 62, 65, 6, 0, 0.10%, 0, 3, 8, 3402.83
1591527557, 9, 16, 65, 5, 0, 0.10%, 0, 3, 8, 3493.02
1591527562, 9, 50, 65, 5, 0, 0.10%, 0, 3, 8, 3451.92
1591527567, 10, 40, 66, 6, 0, 0.10%, 0, 3, 8, 3433.30
1591527573, 11, 27, 66, 6, 0, 0.10%, 0, 3, 8, 3454.29
1591527578, 11, 51, 66, 6, 0, 0.10%, 0, 3, 8, 3460.29
1591527583, 11, 66, 68, 8, 0, 0.10%, 0, 3, 8, 3370.45
1591527603, 11, 66, 70, 10, 0, 0.10%, 0, 3, 8, 3253.27
1591527608, 12, 17, 70, 9, 0, 0.10%, 0, 3, 8, 3265.89
1591527613, 12, 50, 70, 9, 0, 0.10%, 0, 3, 8, 3339.87
1591527618, 12, 64, 70, 9, 0, 0.10%, 0, 3, 8, 3078.73
1591527639, 12, 67, 70, 8, 0, 0.10%, 0, 3, 8, 3291.42
1591527649, 13, 29, 70, 6, 0, 0.10%, 0, 3, 8, 3454.54
1591527654, 13, 39, 70, 6, 0, 0.10%, 0, 3, 8, 3440.76
1591527659, 14, 18, 70, 5, 0, 0.10%, 0, 3, 8, 3464.14
1591527665, 14, 64, 70, 5, 0, 0.10%, 0, 3, 8, 3422.17
1591527670, 14, 68, 70, 5, 0, 0.10%, 0, 3, 8, 3286.88
1591527690, 14, 68, 71, 6, 0, 0.10%, 0, 3, 9, 3251.15
1591527700, 14, 70, 71, 5, 0, 0.10%, 0, 3, 9, 3297.46
1591527710, 14, 70, 72, 6, 0, 0.10%, 0, 3, 10, 3325.70
1591527720, 15, 32, 72, 5, 0, 0.10%, 0, 3, 10, 3467.65
1591527725, 15, 40, 72, 4, 0, 0.10%, 0, 3, 10, 3481.49
1591527731, 15, 69, 72, 4, 0, 0.10%, 0, 3, 10, 3380.27
1591527761, 15, 71, 72, 3, 0, 0.10%, 0, 3, 10, 3269.76
1591527781, 16, 45, 72, 2, 0, 0.10%, 0, 3, 10, 3319.62
1591527786, 17, 40, 72, 2, 0, 0.10%, 0, 3, 10, 3327.49
1591527792, 17, 50, 72, 2, 0, 0.10%, 0, 3, 10, 3347.32
1591527797, 18, 46, 72, 2, 0, 0.10%, 0, 3, 10, 3344.01
1591527802, 18, 65, 72, 2, 0, 0.10%, 0, 3, 10, 3303.91
1591527807, 19, 18, 72, 1, 0, 0.10%, 0, 3, 10, 3382.42
1591527812, 19, 50, 72, 1, 0, 0.10%, 5, 3, 10, 3373.07
1591527817, 19, 73, 77, 6, 0, 0.10%, 6, 3, 10, 3205.89
1591527837, 19, 73, 79, 8, 0, 0.10%, 6, 3, 10, 3086.69
1591527843, 19, 73, 82, 11, 0, 0.10%, 6, 3, 10, 3143.76
1591527848, 19, 74, 85, 13, 0, 0.10%, 6, 3, 10, 3181.84
1591527898, 19, 75, 85, 12, 0, 0.10%, 6, 3, 10, 2964.25
1591528020, 19, 75, 86, 13, 0, 0.10%, 6, 3, 10, 3082.56
1591528025, 19, 80, 86, 12, 0, 0.10%, 6, 3, 10, 2679.04
1591528157, 19, 80, 87, 13, 0, 0.10%, 6, 3, 10, 2706.86
1591528162, 19, 80, 89, 15, 0, 0.10%, 6, 3, 10, 2688.28
1591528167, 19, 82, 89, 14, 0, 0.10%, 6, 3, 10, 2339.09
1591528422, 19, 82, 90, 15, 0, 0.10%, 6, 3, 10, 2383.85
1591528427, 19, 84, 93, 17, 0, 0.10%, 6, 3, 10, 2739.11
1591528443, 19, 84, 94, 18, 0, 0.10%, 6, 3, 10, 3463.13
1591528448, 19, 89, 95, 18, 0, 0.10%, 6, 3, 10, 2609.53
1591528734, 19, 89, 96, 19, 0, 0.10%, 6, 3, 10, 2092.61
1591528740, 19, 89, 96, 19, 0, 0.10%, 6, 6, 10, 141.90
1591528780, 19, 89, 97, 20, 0, 0.10%, 6, 6, 10, 2104.13
1591528785, 19, 89, 98, 21, 0, 0.10%, 6, 6, 10, 2161.43
1591528791, 19, 96, 102, 24, 0, 0.10%, 6, 6, 10, 1991.47
1591529629, 19, 96, 103, 25, 0, 0.10%, 6, 6, 11, 1617.62
1591529634, 20, 17, 107, 28, 0, 0.10%, 6, 6, 11, 2233.71
1591529640, 20, 49, 107, 28, 0, 0.10%, 6, 7, 11, 2949.38
1591529645, 20, 85, 108, 29, 0, 0.10%, 6, 7, 11, 3166.69
1591529665, 20, 87, 108, 28, 0, 0.10%, 6, 7, 11, 2269.10
1591530228, 20, 90, 109, 28, 0, 0.10%, 6, 7, 11, 1818.30
1591530492, 20, 90, 110, 29, 0, 0.10%, 6, 7, 11, 1952.41
1591530507, 20, 93, 110, 28, 0, 0.10%, 6, 7, 11, 2521.96
1591530528, 20, 93, 110, 28, 0, 0.10%, 6, 8, 11, 2240.00
1591530533, 20, 93, 110, 28, 0, 0.10%, 6, 10, 11, 362.04
1591530538, 20, 93, 111, 29, 0, 0.10%, 6, 10, 11, 2746.50
1591530543, 20, 93, 112, 30, 0, 0.10%, 6, 10, 11, 2786.70
1591530548, 20, 97, 112, 29, 0, 0.10%, 6, 10, 11, 1870.18
